4096
1869 20000
1718 20000
4026 20000
4027 20000
4024 20000
4025 20000
4022 20000
4023 20000
4020 20000
4021 20000
643 20000
4028 20000
4029 20000
344 20000
345 20000
346 20000
347 20000
340 20000
341 20000
342 20000
3998 20000
3997 20000
3996 20000
3995 20000
3994 20000
348 20000
349 20000
3991 20000
3990 20000
1653 20000
594 20000
2318 20000
2319 20000
2316 20000
2317 20000
2314 20000
2315 20000
2312 20000
2313 20000
2310 20000
2311 20000
2184 20000
298 20000
299 20000
296 20000
297 20000
294 20000
295 20000
292 20000
293 20000
290 20000
291 20000
3773 20000
3772 20000
3771 20000
3770 20000
3777 20000
3776 20000
3775 20000
3774 20000
3779 20000
3778 20000
270 20000
271 20000
272 20000
273 20000
274 20000
49 20000
276 20000
277 20000
278 20000
279 20000
3211 20000
1780 20000
581 20000
2268 20000
2269 20000
2262 20000
2263 20000
2260 20000
2261 20000
2266 20000
2267 20000
2264 20000
2265 20000
2442 20000
2443 20000
2440 20000
2441 20000
2446 20000
2447 20000
2444 20000
2445 20000
2448 20000
2449 20000
2189 20000
108 20000
109 20000
102 20000
103 20000
100 20000
101 20000
106 20000
107 20000
104 20000
105 20000
2046 20000
2047 20000
2044 20000
2045 20000
2042 20000
2043 20000
2040 20000
2041 20000
1297 20000
601 20000
2049 20000
1212 20000
3597 20000
2839 20000
3154 20000
3238 20000
1372 20000
2836 20000
2835 20000
1001 20000
3519 20000
3518 20000
3513 20000
3512 20000
3511 20000
3446 20000
3517 20000
3516 20000
3515 20000
3514 20000
2688 20000
2689 20000
2684 20000
2685 20000
2686 20000
2687 20000
2680 20000
2681 20000
2682 20000
2683 20000
1436 20000
3999 20000
3390 20000
343 20000
3393 20000
99 20000
98 20000
3392 20000
91 20000
90 20000
93 20000
2140 20000
95 20000
94 20000
97 20000
96 20000
1991 20000
1622 20000
3205 20000
3204 20000
1627 20000
1626 20000
1997 20000
1624 20000
1999 20000
1998 20000
1629 20000
1628 20000
3209 20000
3992 20000
3013 20000
1293 20000
2860 20000
2861 20000
2862 20000
2863 20000
559 20000
2865 20000
2866 20000
2867 20000
555 20000
554 20000
557 20000
556 20000
551 20000
550 20000
553 20000
552 20000
3538 20000
1502 20000
3015 20000
1199 20000
1198 20000
3348 20000
3349 20000
1214 20000
1191 20000
3343 20000
1193 20000
1192 20000
3346 20000
1194 20000
1197 20000
1196 20000
2965 20000
1758 20000
1757 20000
1756 20000
1755 20000
1754 20000
1753 20000
1752 20000
1751 20000
1750 20000
1177 20000
1176 20000
1175 20000
1174 20000
1173 20000
1172 20000
1171 20000
1170 20000
1179 20000
1178 20000
1007 20000
510 20000
1875 20000
513 20000
644 20000
1285 20000
1284 20000
1287 20000
1004 20000
1281 20000
1280 20000
1283 20000
1282 20000
515 20000
879 20000
1289 20000
1288 20000
1002 20000
876 20000
1579 20000
1578 20000
689 20000
688 20000
3431 20000
1573 20000
684 20000
687 20000
1570 20000
1577 20000
680 20000
1575 20000
1574 20000
1348 20000
875 20000
1226 20000
3434 20000
1240 20000
1225 20000
3435 20000
2966 20000
620 20000
3436 20000
1223 20000
871 20000
626 20000
2741 20000
1221 20000
2036 20000
1243 20000
624 20000
2035 20000
1371 20000
406 20000
1373 20000
404 20000
403 20000
1374 20000
1377 20000
1376 20000
1379 20000
1378 20000
1219 20000
1342 20000
409 20000
2744 20000
3834 20000
3835 20000
3836 20000
3837 20000
3830 20000
3831 20000
3832 20000
3833 20000
454 20000
2192 20000
2148 20000
3838 20000
3839 20000
3452 20000
4031 20000
4030 20000
4033 20000
4032 20000
4035 20000
1346 20000
4037 20000
4036 20000
4039 20000
4038 20000
457 20000
3796 20000
1018 20000
1245 20000
3453 20000
3206 20000
379 20000
378 20000
3620 20000
371 20000
370 20000
373 20000
372 20000
375 20000
374 20000
377 20000
376 20000
1141 20000
1019 20000
1244 20000
3093 20000
892 20000
393 20000
392 20000
391 20000
390 20000
397 20000
396 20000
395 20000
394 20000
399 20000
398 20000
3593 20000
895 20000
2309 20000
2308 20000
2301 20000
2300 20000
2303 20000
2302 20000
2305 20000
2304 20000
2307 20000
2306 20000
898 20000
2995 20000
2746 20000
3748 20000
3749 20000
3746 20000
3747 20000
3744 20000
3745 20000
3742 20000
3743 20000
3740 20000
3741 20000
245 20000
244 20000
247 20000
246 20000
241 20000
240 20000
243 20000
242 20000
249 20000
248 20000
2275 20000
2274 20000
2277 20000
2276 20000
2271 20000
2270 20000
2273 20000
2272 20000
2279 20000
2278 20000
2337 20000
2198 20000
2459 20000
2458 20000
723 20000
2455 20000
2454 20000
646 20000
2456 20000
2451 20000
2450 20000
2453 20000
2452 20000
2155 20000
179 20000
178 20000
177 20000
176 20000
175 20000
174 20000
173 20000
172 20000
171 20000
170 20000
3698 20000
3699 20000
2053 20000
2052 20000
2055 20000
2054 20000
2057 20000
2056 20000
2059 20000
2058 20000
3692 20000
3693 20000
3694 20000
3695 20000
3696 20000
3697 20000
2156 20000
3089 20000
2968 20000
3088 20000
1367 20000
1504 20000
651 20000
3526 20000
3527 20000
3524 20000
3525 20000
3522 20000
3523 20000
3520 20000
3521 20000
3087 20000
3528 20000
3529 20000
1364 20000
3086 20000
1977 20000
658 20000
2699 20000
2698 20000
2697 20000
2696 20000
2695 20000
2694 20000
2693 20000
1603 20000
2691 20000
2690 20000
2405 20000
1602 20000
1973 20000
3549 20000
3223 20000
1970 20000
1362 20000
3232 20000
3233 20000
3230 20000
3231 20000
3236 20000
3237 20000
1618 20000
3235 20000
1964 20000
1965 20000
1966 20000
3239 20000
1612 20000
1613 20000
1610 20000
1963 20000
2063 20000
1363 20000
2873 20000
2872 20000
2871 20000
2908 20000
2877 20000
2876 20000
2875 20000
2542 20000
2879 20000
2878 20000
3355 20000
3354 20000
3357 20000
3356 20000
3351 20000
3350 20000
3353 20000
3352 20000
1360 20000
3359 20000
3358 20000
3781 20000
2544 20000
2692 20000
1768 20000
1769 20000
1762 20000
1763 20000
1760 20000
1761 20000
1766 20000
1767 20000
1764 20000
1765 20000
1142 20000
1143 20000
1140 20000
2548 20000
1146 20000
1147 20000
1144 20000
1789 20000
1148 20000
1149 20000
2967 20000
769 20000
692 20000
693 20000
690 20000
1545 20000
1542 20000
1543 20000
694 20000
695 20000
698 20000
699 20000
1548 20000
1549 20000
542 20000
543 20000
540 20000
541 20000
546 20000
547 20000
544 20000
545 20000
3784 20000
548 20000
549 20000
1782 20000
761 20000
2969 20000
1785 20000
1786 20000
1787 20000
16 20000
414 20000
415 20000
416 20000
417 20000
410 20000
411 20000
412 20000
413 20000
1384 20000
1385 20000
1386 20000
1387 20000
1380 20000
419 20000
1382 20000
1383 20000
3827 20000
3826 20000
3825 20000
3824 20000
3823 20000
3822 20000
3821 20000
3820 20000
2769 20000
3829 20000
3828 20000
3256 20000
2768 20000
1254 20000
2438 20000
3585 20000
681 20000
2099 20000
3588 20000
368 20000
2762 20000
366 20000
367 20000
364 20000
365 20000
362 20000
363 20000
360 20000
361 20000
3202 20000
380 20000
381 20000
382 20000
1252 20000
384 20000
385 20000
386 20000
387 20000
388 20000
389 20000
3216 20000
3759 20000
3758 20000
1115 20000
3751 20000
3750 20000
3753 20000
3752 20000
3755 20000
3754 20000
3757 20000
3756 20000
2190 20000
2191 20000
258 20000
2193 20000
2194 20000
2195 20000
2196 20000
2197 20000
252 20000
2199 20000
250 20000
251 20000
256 20000
257 20000
254 20000
255 20000
2200 20000
2201 20000
2202 20000
2203 20000
2204 20000
2205 20000
2206 20000
2207 20000
2208 20000
2209 20000
2428 20000
2429 20000
2420 20000
2421 20000
2422 20000
2423 20000
2424 20000
900 20000
2426 20000
2427 20000
1848 20000
168 20000
169 20000
164 20000
165 20000
166 20000
167 20000
160 20000
161 20000
162 20000
163 20000
3689 20000
3688 20000
3683 20000
3682 20000
3681 20000
3680 20000
3687 20000
3686 20000
3685 20000
3684 20000
3461 20000
3212 20000
2518 20000
2519 20000
2514 20000
2515 20000
2516 20000
2517 20000
2510 20000
1841 20000
2512 20000
2513 20000
2734 20000
2735 20000
2736 20000
2737 20000
2730 20000
2731 20000
2732 20000
2733 20000
2738 20000
2739 20000
3531 20000
3530 20000
3533 20000
3532 20000
3535 20000
3534 20000
3537 20000
3536 20000
3539 20000
678 20000
1091 20000
1814 20000
1815 20000
1816 20000
1817 20000
1810 20000
1811 20000
1812 20000
1813 20000
1093 20000
1818 20000
1819 20000
1098 20000
1087 20000
2795 20000
671 20000
3077 20000
1444 20000
2401 20000
1609 20000
1608 20000
3229 20000
3228 20000
1979 20000
1978 20000
3225 20000
3224 20000
3227 20000
3226 20000
3221 20000
1604 20000
1971 20000
3222 20000
1555 20000
809 20000
808 20000
803 20000
802 20000
801 20000
800 20000
807 20000
806 20000
805 20000
804 20000
2848 20000
2849 20000
2846 20000
2847 20000
2844 20000
2845 20000
2842 20000
2843 20000
2840 20000
1554 20000
3320 20000
3321 20000
3322 20000
3323 20000
3324 20000
3325 20000
3326 20000
3327 20000
3328 20000
3329 20000
1775 20000
1774 20000
1777 20000
1776 20000
1771 20000
1770 20000
1773 20000
1772 20000
1779 20000
1778 20000
321 20000
608 20000
3975 20000
3974 20000
2998 20000
1159 20000
1158 20000
2999 20000
1155 20000
1154 20000
1157 20000
1156 20000
1151 20000
1150 20000
1153 20000
1152 20000
3038 20000
2618 20000
58 20000
1551 20000
1550 20000
1553 20000
1552 20000
59 20000
3039 20000
1557 20000
1556 20000
3034 20000
1558 20000
3036 20000
3037 20000
2994 20000
3031 20000
2996 20000
3033 20000
537 20000
536 20000
535 20000
534 20000
533 20000
532 20000
531 20000
530 20000
2992 20000
1081 20000
538 20000
2993 20000
3030 20000
3541 20000
50 20000
3294 20000
1868 20000
53 20000
3295 20000
2997 20000
3296 20000
1975 20000
3297 20000
3290 20000
206 20000
1903 20000
429 20000
428 20000
1900 20000
1399 20000
1398 20000
1397 20000
1396 20000
1395 20000
1901 20000
1393 20000
1392 20000
1391 20000
1390 20000
3812 20000
3813 20000
3810 20000
3811 20000
3816 20000
3817 20000
3814 20000
3815 20000
3818 20000
3819 20000
3074 20000
3450 20000
3451 20000
3456 20000
3626 20000
851 20000
1680 20000
852 20000
3455 20000
539 20000
1972 20000
3510 20000
1321 20000
1011 20000
3474 20000
2970 20000
1108 20000
1424 20000
6 20000
2971 20000
2183 20000
2182 20000
2181 20000
2180 20000
2187 20000
2186 20000
229 20000
228 20000
227 20000
226 20000
225 20000
2188 20000
223 20000
222 20000
221 20000
220 20000
2213 20000
2212 20000
2211 20000
2210 20000
2217 20000
2216 20000
2215 20000
2214 20000
2219 20000
2218 20000
864 20000
54 20000
151 20000
150 20000
2439 20000
152 20000
155 20000
154 20000
157 20000
156 20000
2433 20000
2432 20000
2431 20000
2430 20000
2437 20000
2436 20000
2435 20000
2434 20000
976 20000
2974 20000
2509 20000
2508 20000
2507 20000
2506 20000
2505 20000
2504 20000
2503 20000
2502 20000
2501 20000
2500 20000
2727 20000
2726 20000
2725 20000
2724 20000
2723 20000
2722 20000
2975 20000
2720 20000
3158 20000
2729 20000
2728 20000
1712 20000
3782 20000
3783 20000
3780 20000
1804 20000
3786 20000
3787 20000
1801 20000
1800 20000
3788 20000
3789 20000
1809 20000
1808 20000
3473 20000
0 20000
149 20000
3258 20000
3259 20000
1948 20000
1544 20000
1525 20000
1942 20000
1943 20000
1940 20000
1941 20000
1946 20000
1947 20000
1944 20000
1945 20000
818 20000
819 20000
1527 20000
810 20000
811 20000
812 20000
813 20000
814 20000
815 20000
816 20000
1521 20000
2859 20000
3207 20000
1250 20000
1990 20000
2851 20000
2850 20000
2853 20000
1523 20000
2855 20000
2854 20000
2857 20000
2856 20000
3333 20000
3332 20000
1492 20000
1493 20000
3337 20000
3336 20000
1496 20000
1497 20000
1498 20000
1499 20000
3339 20000
3338 20000
423 20000
1994 20000
1700 20000
1701 20000
1702 20000
1703 20000
1704 20000
1625 20000
1706 20000
1707 20000
1708 20000
1709 20000
3200 20000
424 20000
427 20000
2091 20000
426 20000
2090 20000
1128 20000
1129 20000
1120 20000
1121 20000
1122 20000
1123 20000
1124 20000
1125 20000
1126 20000
1127 20000
3208 20000
2989 20000
2988 20000
3029 20000
3028 20000
2983 20000
3026 20000
2981 20000
2980 20000
2987 20000
2986 20000
2985 20000
3651 20000
524 20000
525 20000
526 20000
527 20000
520 20000
521 20000
522 20000
523 20000
1014 20000
1015 20000
1016 20000
1017 20000
1010 20000
302 20000
1012 20000
1013 20000
1234 20000
1235 20000
1236 20000
3950 20000
1230 20000
1231 20000
1232 20000
1233 20000
304 20000
1238 20000
1239 20000
3956 20000
2526 20000
306 20000
311 20000
307 20000
438 20000
439 20000
436 20000
437 20000
434 20000
435 20000
432 20000
433 20000
430 20000
431 20000
3809 20000
3808 20000
3805 20000
3804 20000
3807 20000
3806 20000
3801 20000
3800 20000
3803 20000
3802 20000
2864 20000
2481 20000
558 20000
1967 20000
2868 20000
2869 20000
51 20000
3082 20000
1960 20000
1697 20000
1961 20000
1030 20000
2464 20000
2949 20000
994 20000
2249 20000
3064 20000
997 20000
3161 20000
996 20000
238 20000
1432 20000
234 20000
235 20000
236 20000
237 20000
230 20000
2945 20000
232 20000
233 20000
2944 20000
993 20000
2228 20000
2229 20000
2226 20000
2227 20000
2224 20000
2225 20000
2222 20000
2223 20000
2220 20000
2221 20000
1 20000
146 20000
147 20000
144 20000
145 20000
142 20000
143 20000
140 20000
141 20000
999 20000
148 20000
2469 20000
1430 20000
3401 20000
2088 20000
2089 20000
3400 20000
2082 20000
2083 20000
2080 20000
2081 20000
2086 20000
2087 20000
2084 20000
2085 20000
3342 20000
2538 20000
123 20000
1190 20000
2532 20000
3405 20000
2530 20000
2531 20000
2536 20000
2537 20000
2534 20000
125 20000
2712 20000
2713 20000
2710 20000
2711 20000
2716 20000
2717 20000
2714 20000
2715 20000
1195 20000
2718 20000
2719 20000
3347 20000
3409 20000
3344 20000
3408 20000
3345 20000
1832 20000
1833 20000
1830 20000
1831 20000
3799 20000
3798 20000
1834 20000
1835 20000
3795 20000
3794 20000
1838 20000
1839 20000
3791 20000
3790 20000
3793 20000
3792 20000
2154 20000
2407 20000
2404 20000
938 20000
2150 20000
2403 20000
2152 20000
2153 20000
933 20000
932 20000
931 20000
930 20000
937 20000
936 20000
2408 20000
934 20000
471 20000
1759 20000
3091 20000
1691 20000
1955 20000
1954 20000
1957 20000
1956 20000
1951 20000
1950 20000
1953 20000
2918 20000
1959 20000
1958 20000
3249 20000
3248 20000
3096 20000
3243 20000
3242 20000
3241 20000
3240 20000
3247 20000
3246 20000
3245 20000
3244 20000
829 20000
828 20000
825 20000
824 20000
827 20000
826 20000
821 20000
820 20000
823 20000
822 20000
2409 20000
1993 20000
1483 20000
1482 20000
1481 20000
1480 20000
1487 20000
1486 20000
3308 20000
3309 20000
3306 20000
3307 20000
3304 20000
3305 20000
3302 20000
3303 20000
3300 20000
3301 20000
1713 20000
2147 20000
1711 20000
794 20000
1717 20000
1716 20000
1715 20000
790 20000
1719 20000
1992 20000
2145 20000
799 20000
798 20000
612 20000
2144 20000
1271 20000
2143 20000
610 20000
2414 20000
1857 20000
1139 20000
1138 20000
2417 20000
1133 20000
1132 20000
1131 20000
1130 20000
1137 20000
1136 20000
1135 20000
1134 20000
2060 20000
1276 20000
921 20000
615 20000
2790 20000
4067 20000
3018 20000
3019 20000
3012 20000
2796 20000
3010 20000
3011 20000
3016 20000
3017 20000
3014 20000
2797 20000
519 20000
518 20000
2794 20000
1009 20000
1008 20000
511 20000
1006 20000
1005 20000
512 20000
1003 20000
514 20000
517 20000
1000 20000
1227 20000
622 20000
621 20000
1224 20000
627 20000
1222 20000
625 20000
1220 20000
629 20000
628 20000
1229 20000
1228 20000
1535 20000
2882 20000
2883 20000
2880 20000
2881 20000
2886 20000
2887 20000
2884 20000
2885 20000
2888 20000
2889 20000
2 20000
3878 20000
3879 20000
1561 20000
3870 20000
3871 20000
3872 20000
3873 20000
3874 20000
3875 20000
3876 20000
3877 20000
1286 20000
2958 20000
11 20000
10 20000
13 20000
12 20000
15 20000
14 20000
17 20000
1921 20000
19 20000
18 20000
3274 20000
2048 20000
92 20000
3275 20000
2959 20000
1924 20000
1925 20000
3904 20000
3905 20000
3906 20000
3907 20000
3900 20000
3901 20000
3902 20000
3903 20000
3271 20000
3908 20000
3909 20000
929 20000
2742 20000
1471 20000
3192 20000
201 20000
200 20000
203 20000
202 20000
205 20000
204 20000
207 20000
833 20000
209 20000
208 20000
830 20000
1352 20000
685 20000
3477 20000
1572 20000
836 20000
1571 20000
3471 20000
2239 20000
2238 20000
686 20000
834 20000
2231 20000
2230 20000
2233 20000
2232 20000
2235 20000
2234 20000
2237 20000
2236 20000
683 20000
682 20000
2185 20000
3498 20000
3499 20000
3496 20000
3497 20000
3494 20000
3495 20000
3492 20000
3493 20000
3490 20000
3491 20000
2095 20000
2094 20000
2097 20000
2096 20000
3658 20000
3659 20000
2093 20000
2092 20000
3654 20000
3655 20000
3656 20000
3657 20000
3650 20000
2098 20000
3652 20000
3653 20000
2525 20000
2524 20000
2527 20000
224 20000
2521 20000
2520 20000
2523 20000
2522 20000
3953 20000
2528 20000
2665 20000
2749 20000
2709 20000
2708 20000
2705 20000
2704 20000
2707 20000
2706 20000
2701 20000
2700 20000
2703 20000
2702 20000
4090 20000
1829 20000
1828 20000
1825 20000
1824 20000
1827 20000
1826 20000
1821 20000
1820 20000
1823 20000
1822 20000
928 20000
2146 20000
2413 20000
2412 20000
2415 20000
2142 20000
2141 20000
2416 20000
920 20000
2418 20000
922 20000
923 20000
924 20000
925 20000
926 20000
927 20000
3669 20000
2411 20000
1920 20000
3277 20000
1922 20000
1923 20000
3272 20000
3273 20000
1926 20000
1927 20000
1928 20000
1929 20000
475 20000
3278 20000
3279 20000
832 20000
3475 20000
3476 20000
831 20000
3470 20000
837 20000
3472 20000
2410 20000
838 20000
839 20000
3478 20000
3479 20000
3 20000
3199 20000
1595 20000
3941 20000
3319 20000
3318 20000
2511 20000
3311 20000
3310 20000
3313 20000
3312 20000
3315 20000
3314 20000
3317 20000
3316 20000
784 20000
785 20000
786 20000
787 20000
3331 20000
781 20000
782 20000
783 20000
1726 20000
1727 20000
1724 20000
1725 20000
788 20000
1723 20000
1720 20000
1721 20000
468 20000
153 20000
60 20000
3004 20000
62 20000
3006 20000
64 20000
3000 20000
3003 20000
3002 20000
68 20000
1985 20000
253 20000
3008 20000
407 20000
1588 20000
1589 20000
1370 20000
1582 20000
1583 20000
1580 20000
1581 20000
1586 20000
405 20000
1584 20000
1585 20000
159 20000
1038 20000
1039 20000
508 20000
509 20000
1032 20000
507 20000
504 20000
1031 20000
502 20000
503 20000
500 20000
501 20000
630 20000
631 20000
632 20000
1211 20000
634 20000
635 20000
636 20000
637 20000
638 20000
639 20000
1218 20000
400 20000
780 20000
3335 20000
465 20000
2899 20000
2898 20000
2895 20000
2894 20000
2897 20000
2896 20000
2891 20000
2890 20000
2893 20000
2892 20000
1454 20000
1455 20000
1456 20000
1105 20000
1102 20000
1451 20000
1100 20000
1453 20000
2419 20000
408 20000
1458 20000
1459 20000
464 20000
1109 20000
4080 20000
4081 20000
3869 20000
4083 20000
4084 20000
4085 20000
4086 20000
4087 20000
3863 20000
1722 20000
3861 20000
3860 20000
3867 20000
3866 20000
3865 20000
3864 20000
3737 20000
322 20000
3736 20000
1896 20000
323 20000
3734 20000
3733 20000
1891 20000
3731 20000
3730 20000
320 20000
3917 20000
3916 20000
3915 20000
3914 20000
3913 20000
3912 20000
3911 20000
3910 20000
3919 20000
3918 20000
1636 20000
2285 20000
4034 20000
216 20000
217 20000
214 20000
215 20000
212 20000
213 20000
210 20000
211 20000
1530 20000
218 20000
219 20000
2138 20000
956 20000
789 20000
4 20000
324 20000
1976 20000
3489 20000
3488 20000
3481 20000
3480 20000
3483 20000
3482 20000
3485 20000
3484 20000
3487 20000
3486 20000
3649 20000
3648 20000
3647 20000
3646 20000
3645 20000
3644 20000
3643 20000
3642 20000
3641 20000
3640 20000
2550 20000
2551 20000
2552 20000
2553 20000
2554 20000
2555 20000
2556 20000
61 20000
2558 20000
2559 20000
3595 20000
3007 20000
2396 20000
2397 20000
2394 20000
2395 20000
2392 20000
2393 20000
2390 20000
2391 20000
3022 20000
3001 20000
2398 20000
2399 20000
2778 20000
2779 20000
66 20000
3282 20000
2770 20000
2771 20000
2772 20000
2773 20000
2774 20000
2775 20000
2776 20000
2777 20000
3166 20000
3167 20000
1428 20000
3164 20000
1858 20000
1859 20000
3165 20000
2721 20000
1850 20000
2806 20000
1852 20000
1853 20000
1854 20000
1855 20000
1856 20000
3163 20000
2172 20000
2173 20000
2170 20000
2171 20000
2176 20000
2177 20000
2174 20000
2175 20000
915 20000
914 20000
917 20000
2179 20000
911 20000
910 20000
913 20000
912 20000
2604 20000
2605 20000
2606 20000
2607 20000
2600 20000
2601 20000
2602 20000
2603 20000
2608 20000
2609 20000
3261 20000
3260 20000
1931 20000
3262 20000
3265 20000
1936 20000
3267 20000
3266 20000
3269 20000
1425 20000
1939 20000
1938 20000
3369 20000
847 20000
3466 20000
3465 20000
844 20000
3463 20000
842 20000
841 20000
3460 20000
849 20000
848 20000
664 20000
1429 20000
3009 20000
2406 20000
3367 20000
3035 20000
663 20000
1587 20000
1739 20000
1738 20000
1731 20000
1730 20000
1733 20000
1732 20000
1735 20000
1734 20000
1737 20000
1736 20000
753 20000
752 20000
751 20000
750 20000
757 20000
756 20000
755 20000
754 20000
759 20000
758 20000
1805 20000
3070 20000
3071 20000
3072 20000
1596 20000
1591 20000
1590 20000
3076 20000
738 20000
3078 20000
3079 20000
2956 20000
2957 20000
2950 20000
1598 20000
2952 20000
1802 20000
1025 20000
1024 20000
1027 20000
1026 20000
1021 20000
1020 20000
1023 20000
1022 20000
1036 20000
3785 20000
1029 20000
1028 20000
1037 20000
1034 20000
1035 20000
605 20000
604 20000
607 20000
606 20000
1209 20000
600 20000
603 20000
1213 20000
1205 20000
1204 20000
1207 20000
1206 20000
1201 20000
1200 20000
1203 20000
1202 20000
633 20000
1216 20000
1217 20000
1806 20000
3020 20000
3109 20000
3104 20000
3105 20000
3106 20000
3107 20000
3100 20000
3101 20000
3102 20000
3103 20000
1447 20000
1110 20000
1445 20000
1112 20000
5 20000
1442 20000
1117 20000
1440 20000
1119 20000
1118 20000
1506 20000
1351 20000
1449 20000
1448 20000
4093 20000
4092 20000
4091 20000
466 20000
4095 20000
4094 20000
461 20000
2005 20000
450 20000
460 20000
1355 20000
489 20000
488 20000
487 20000
486 20000
485 20000
462 20000
483 20000
482 20000
481 20000
2033 20000
451 20000
1803 20000
990 20000
3922 20000
3923 20000
3920 20000
3921 20000
3926 20000
3927 20000
3924 20000
3925 20000
3952 20000
3928 20000
3929 20000
3993 20000
453 20000
3856 20000
3857 20000
3854 20000
3855 20000
3852 20000
3853 20000
3850 20000
3851 20000
1576 20000
992 20000
3858 20000
3859 20000
3005 20000
455 20000
1567 20000
1974 20000
2529 20000
3665 20000
199 20000
198 20000
3664 20000
195 20000
194 20000
197 20000
196 20000
191 20000
190 20000
193 20000
192 20000
3678 20000
3679 20000
3672 20000
3673 20000
3670 20000
3671 20000
3676 20000
3677 20000
3674 20000
3675 20000
2543 20000
1106 20000
2541 20000
2540 20000
2547 20000
2546 20000
2545 20000
1107 20000
2549 20000
3662 20000
1104 20000
2381 20000
2380 20000
2383 20000
2382 20000
2385 20000
2384 20000
2387 20000
2386 20000
2389 20000
2388 20000
1518 20000
3580 20000
3581 20000
3582 20000
3583 20000
3584 20000
1452 20000
3586 20000
3587 20000
2763 20000
3589 20000
2761 20000
2760 20000
2767 20000
2766 20000
2765 20000
2764 20000
1949 20000
3145 20000
902 20000
903 20000
1849 20000
901 20000
906 20000
907 20000
904 20000
905 20000
1843 20000
1842 20000
908 20000
1840 20000
1847 20000
1846 20000
1845 20000
1844 20000
3250 20000
2169 20000
2168 20000
3251 20000
2165 20000
2164 20000
2167 20000
2166 20000
2161 20000
2160 20000
2163 20000
2162 20000
2617 20000
2616 20000
2615 20000
3253 20000
2613 20000
2612 20000
2611 20000
2610 20000
3254 20000
4082 20000
2619 20000
3255 20000
3868 20000
3298 20000
3299 20000
1908 20000
1909 20000
1906 20000
1907 20000
1904 20000
3257 20000
1902 20000
3291 20000
3292 20000
3293 20000
854 20000
855 20000
856 20000
857 20000
850 20000
3457 20000
3454 20000
853 20000
3458 20000
3459 20000
858 20000
859 20000
4088 20000
4089 20000
641 20000
425 20000
1184 20000
817 20000
616 20000
2574 20000
740 20000
741 20000
742 20000
743 20000
744 20000
745 20000
746 20000
747 20000
748 20000
749 20000
1799 20000
3063 20000
3062 20000
3061 20000
3060 20000
3067 20000
3066 20000
3065 20000
2948 20000
2947 20000
2946 20000
3069 20000
3068 20000
2943 20000
2942 20000
2941 20000
2940 20000
1050 20000
1051 20000
1052 20000
1053 20000
1054 20000
1055 20000
1056 20000
1057 20000
1058 20000
1059 20000
718 20000
1696 20000
1793 20000
1694 20000
1695 20000
1692 20000
1693 20000
1690 20000
1792 20000
2595 20000
1791 20000
1698 20000
1699 20000
1278 20000
1279 20000
618 20000
619 20000
1270 20000
613 20000
1272 20000
611 20000
1274 20000
617 20000
614 20000
1277 20000
1795 20000
2596 20000
710 20000
1490 20000
3119 20000
3118 20000
3117 20000
3116 20000
3115 20000
3114 20000
3113 20000
3112 20000
3111 20000
3110 20000
1472 20000
1473 20000
1470 20000
3330 20000
1476 20000
1477 20000
1474 20000
1475 20000
3972 20000
1494 20000
1478 20000
1479 20000
2747 20000
1495 20000
1304 20000
1305 20000
1306 20000
1307 20000
1300 20000
1301 20000
1302 20000
1303 20000
3334 20000
1308 20000
1309 20000
2804 20000
2597 20000
498 20000
499 20000
494 20000
495 20000
496 20000
497 20000
490 20000
491 20000
492 20000
493 20000
24 20000
25 20000
26 20000
27 20000
20 20000
21 20000
22 20000
23 20000
3594 20000
28 20000
29 20000
2591 20000
2457 20000
3939 20000
3938 20000
3935 20000
3934 20000
3937 20000
3936 20000
3931 20000
3930 20000
3933 20000
3932 20000
1705 20000
1601 20000
3841 20000
3840 20000
3843 20000
3842 20000
3845 20000
3844 20000
3847 20000
3846 20000
3849 20000
3848 20000
1600 20000
4044 20000
4045 20000
4046 20000
4047 20000
4040 20000
4041 20000
4042 20000
4043 20000
4048 20000
4049 20000
7 20000
2288 20000
2289 20000
3667 20000
3666 20000
3661 20000
3660 20000
3663 20000
2050 20000
2280 20000
2281 20000
2282 20000
2283 20000
2284 20000
3668 20000
2286 20000
2287 20000
973 20000
1605 20000
420 20000
2578 20000
2579 20000
2576 20000
2577 20000
3268 20000
2575 20000
2572 20000
2573 20000
2570 20000
2571 20000
3690 20000
2378 20000
2379 20000
3691 20000
2374 20000
2375 20000
2376 20000
2377 20000
2370 20000
2371 20000
2372 20000
2373 20000
2594 20000
3592 20000
3591 20000
3590 20000
2590 20000
3596 20000
2592 20000
2593 20000
3599 20000
3598 20000
2598 20000
1085 20000
1876 20000
1877 20000
1874 20000
1084 20000
1872 20000
1873 20000
1870 20000
1871 20000
1083 20000
1878 20000
1879 20000
977 20000
182 20000
975 20000
974 20000
2599 20000
972 20000
971 20000
970 20000
1080 20000
979 20000
978 20000
2118 20000
2119 20000
180 20000
181 20000
186 20000
187 20000
184 20000
185 20000
2110 20000
2111 20000
188 20000
2113 20000
2114 20000
2115 20000
2116 20000
2117 20000
2622 20000
2623 20000
2620 20000
2621 20000
2626 20000
2627 20000
2624 20000
2625 20000
2628 20000
2629 20000
1919 20000
1918 20000
3289 20000
3288 20000
3287 20000
1910 20000
1913 20000
1912 20000
3283 20000
1914 20000
3281 20000
3280 20000
869 20000
1728 20000
189 20000
3449 20000
3448 20000
516 20000
861 20000
3444 20000
3447 20000
862 20000
3441 20000
3440 20000
867 20000
3442 20000
2756 20000
2757 20000
2754 20000
2755 20000
2020 20000
2753 20000
2022 20000
2023 20000
2828 20000
2028 20000
2029 20000
2758 20000
1729 20000
883 20000
882 20000
881 20000
880 20000
887 20000
886 20000
885 20000
884 20000
889 20000
888 20000
2824 20000
2825 20000
1503 20000
63 20000
3988 20000
1500 20000
352 20000
775 20000
774 20000
777 20000
776 20000
771 20000
770 20000
773 20000
772 20000
779 20000
778 20000
77 20000
76 20000
75 20000
74 20000
73 20000
72 20000
71 20000
3059 20000
3056 20000
2973 20000
3054 20000
3055 20000
3052 20000
2977 20000
79 20000
3051 20000
1043 20000
1042 20000
1041 20000
1040 20000
65 20000
1046 20000
1045 20000
1044 20000
1049 20000
1048 20000
1681 20000
3027 20000
1683 20000
1682 20000
1685 20000
3982 20000
1687 20000
1686 20000
1689 20000
1688 20000
3983 20000
3025 20000
868 20000
1269 20000
3024 20000
669 20000
668 20000
667 20000
666 20000
665 20000
1260 20000
1267 20000
662 20000
661 20000
660 20000
1911 20000
1507 20000
3286 20000
2984 20000
3285 20000
67 20000
3128 20000
3129 20000
3122 20000
1915 20000
3120 20000
3121 20000
3126 20000
3127 20000
3124 20000
3125 20000
421 20000
1469 20000
1468 20000
1465 20000
8 20000
1467 20000
1916 20000
1461 20000
1460 20000
1463 20000
1462 20000
1317 20000
1316 20000
1315 20000
1314 20000
1313 20000
1312 20000
1311 20000
1310 20000
3276 20000
1319 20000
1318 20000
1403 20000
3976 20000
69 20000
2460 20000
528 20000
529 20000
3445 20000
3123 20000
860 20000
712 20000
863 20000
3948 20000
3949 20000
319 20000
318 20000
3403 20000
313 20000
312 20000
3942 20000
310 20000
3944 20000
316 20000
3946 20000
3947 20000
1237 20000
3443 20000
866 20000
2024 20000
2025 20000
2026 20000
443 20000
2027 20000
1334 20000
1981 20000
2752 20000
441 20000
2021 20000
1336 20000
2750 20000
2322 20000
447 20000
2751 20000
1330 20000
3201 20000
445 20000
1332 20000
4057 20000
4056 20000
4055 20000
4054 20000
4053 20000
4052 20000
4051 20000
4050 20000
2324 20000
4059 20000
4058 20000
2759 20000
3407 20000
3270 20000
3610 20000
3611 20000
2299 20000
2298 20000
3614 20000
3615 20000
3616 20000
3617 20000
2293 20000
3619 20000
2291 20000
2290 20000
2297 20000
2296 20000
2295 20000
2294 20000
2982 20000
3406 20000
2569 20000
2568 20000
2561 20000
2560 20000
2563 20000
2562 20000
2565 20000
2564 20000
2567 20000
2566 20000
2369 20000
2368 20000
2367 20000
2366 20000
2365 20000
2364 20000
2363 20000
2362 20000
2361 20000
2360 20000
2587 20000
2586 20000
2585 20000
2584 20000
2583 20000
2582 20000
2581 20000
2580 20000
865 20000
402 20000
2589 20000
2588 20000
1861 20000
1860 20000
1863 20000
1862 20000
3728 20000
3729 20000
1867 20000
1866 20000
3724 20000
3725 20000
3726 20000
3727 20000
3720 20000
3721 20000
3722 20000
3723 20000
964 20000
965 20000
966 20000
967 20000
960 20000
961 20000
962 20000
963 20000
401 20000
968 20000
969 20000
2109 20000
2108 20000
2103 20000
2102 20000
2101 20000
286 20000
2107 20000
2106 20000
2105 20000
2104 20000
2639 20000
2638 20000
2635 20000
2634 20000
2637 20000
2636 20000
2631 20000
2630 20000
2633 20000
2632 20000
3438 20000
1241 20000
1611 20000
878 20000
640 20000
3430 20000
877 20000
874 20000
3433 20000
872 20000
873 20000
870 20000
3437 20000
2037 20000
2740 20000
2743 20000
1534 20000
2745 20000
2032 20000
2031 20000
2030 20000
9 20000
2748 20000
2039 20000
2038 20000
890 20000
891 20000
1431 20000
893 20000
894 20000
1531 20000
896 20000
897 20000
909 20000
899 20000
3095 20000
1249 20000
1247 20000
648 20000
1968 20000
1969 20000
3544 20000
3545 20000
3546 20000
3547 20000
3540 20000
3234 20000
3542 20000
3543 20000
1619 20000
3548 20000
1537 20000
1616 20000
422 20000
2614 20000
1617 20000
1538 20000
1614 20000
1788 20000
2964 20000
768 20000
1615 20000
2961 20000
2960 20000
2963 20000
2962 20000
762 20000
763 20000
760 20000
1783 20000
1784 20000
767 20000
764 20000
765 20000
3049 20000
3048 20000
1962 20000
3041 20000
3040 20000
3043 20000
3042 20000
3045 20000
3044 20000
3047 20000
3046 20000
1078 20000
1079 20000
1076 20000
1077 20000
1074 20000
1075 20000
1072 20000
1073 20000
1070 20000
1071 20000
1678 20000
1679 20000
1674 20000
1675 20000
1676 20000
1677 20000
1670 20000
1671 20000
1672 20000
1673 20000
1094 20000
1095 20000
1096 20000
1097 20000
1090 20000
679 20000
1092 20000
642 20000
674 20000
675 20000
676 20000
677 20000
670 20000
1099 20000
672 20000
673 20000
3135 20000
3134 20000
3137 20000
3136 20000
3131 20000
3130 20000
3133 20000
3132 20000
3139 20000
3138 20000
1533 20000
2557 20000
1418 20000
1419 20000
2490 20000
1410 20000
1411 20000
1412 20000
1413 20000
1414 20000
1415 20000
1416 20000
1417 20000
1322 20000
1323 20000
1320 20000
1532 20000
1326 20000
1327 20000
1324 20000
1325 20000
1328 20000
1329 20000
1621 20000
2870 20000
647 20000
1917 20000
1620 20000
3618 20000
1524 20000
1257 20000
1526 20000
1255 20000
1520 20000
1253 20000
1522 20000
1251 20000
1528 20000
1529 20000
1258 20000
1259 20000
308 20000
309 20000
3959 20000
3958 20000
300 20000
301 20000
3951 20000
303 20000
3957 20000
305 20000
3955 20000
3954 20000
1381 20000
3021 20000
2858 20000
2978 20000
1485 20000
2979 20000
3340 20000
3058 20000
70 20000
988 20000
3415 20000
2972 20000
989 20000
3057 20000
3341 20000
4062 20000
4063 20000
4060 20000
4061 20000
4066 20000
472 20000
4064 20000
4065 20000
2149 20000
2976 20000
4068 20000
4069 20000
3412 20000
3053 20000
657 20000
3050 20000
78 20000
3603 20000
3602 20000
3601 20000
3600 20000
3607 20000
3606 20000
3605 20000
3604 20000
3609 20000
3608 20000
984 20000
1047 20000
2478 20000
623 20000
3032 20000
2990 20000
117 20000
2358 20000
2359 20000
2352 20000
2353 20000
2350 20000
2351 20000
2356 20000
2357 20000
2354 20000
2355 20000
2991 20000
3398 20000
1898 20000
1899 20000
3739 20000
3738 20000
1894 20000
1895 20000
3735 20000
1897 20000
1890 20000
3732 20000
1892 20000
1893 20000
2136 20000
958 20000
2134 20000
2135 20000
2132 20000
2133 20000
2130 20000
2131 20000
951 20000
950 20000
953 20000
952 20000
955 20000
954 20000
957 20000
2139 20000
3969 20000
3203 20000
1684 20000
2648 20000
2649 20000
1450 20000
2640 20000
2641 20000
2642 20000
2643 20000
2644 20000
2645 20000
2646 20000
2647 20000
1441 20000
3429 20000
3428 20000
3423 20000
3422 20000
3421 20000
3420 20000
3427 20000
3426 20000
3425 20000
3424 20000
2002 20000
2003 20000
2000 20000
2001 20000
2006 20000
2007 20000
2004 20000
1851 20000
2008 20000
2009 20000
506 20000
2034 20000
2852 20000
1268 20000
2100 20000
3557 20000
3556 20000
3555 20000
3554 20000
3553 20000
3552 20000
3551 20000
3550 20000
1145 20000
3559 20000
3558 20000
1263 20000
1262 20000
919 20000
1261 20000
918 20000
2910 20000
2911 20000
2912 20000
2913 20000
2914 20000
2915 20000
719 20000
2917 20000
717 20000
2919 20000
715 20000
714 20000
713 20000
1796 20000
711 20000
1794 20000
1265 20000
716 20000
1103 20000
505 20000
1264 20000
655 20000
2178 20000
1069 20000
1068 20000
916 20000
1061 20000
1060 20000
1063 20000
1062 20000
1065 20000
1064 20000
1067 20000
1066 20000
3023 20000
1669 20000
1668 20000
1667 20000
1666 20000
1665 20000
1664 20000
1663 20000
1662 20000
1661 20000
1660 20000
591 20000
1086 20000
593 20000
592 20000
595 20000
1082 20000
597 20000
596 20000
599 20000
598 20000
1089 20000
1088 20000
3140 20000
3141 20000
3142 20000
3143 20000
3144 20000
2829 20000
3146 20000
3147 20000
3148 20000
3149 20000
2826 20000
2827 20000
2820 20000
2821 20000
2822 20000
2823 20000
3386 20000
3387 20000
3384 20000
3385 20000
3382 20000
3383 20000
3380 20000
3381 20000
3388 20000
3389 20000
1409 20000
1408 20000
1905 20000
1402 20000
1401 20000
1400 20000
1407 20000
1406 20000
1405 20000
1404 20000
1546 20000
449 20000
448 20000
1339 20000
1338 20000
1491 20000
1547 20000
1335 20000
442 20000
1337 20000
440 20000
1331 20000
446 20000
1333 20000
444 20000
691 20000
696 20000
1631 20000
697 20000
1933 20000
39 20000
38 20000
1540 20000
1932 20000
33 20000
32 20000
31 20000
30 20000
37 20000
36 20000
35 20000
34 20000
3092 20000
1536 20000
3090 20000
1242 20000
645 20000
3097 20000
3094 20000
1246 20000
649 20000
1248 20000
3098 20000
3099 20000
1539 20000
3264 20000
339 20000
338 20000
335 20000
334 20000
337 20000
336 20000
331 20000
330 20000
333 20000
332 20000
2061 20000
1633 20000
2953 20000
3639 20000
2127 20000
3377 20000
3898 20000
3899 20000
1634 20000
3892 20000
3893 20000
3890 20000
3891 20000
3896 20000
3897 20000
3894 20000
3895 20000
3467 20000
846 20000
845 20000
3464 20000
1635 20000
1464 20000
843 20000
3631 20000
3462 20000
1466 20000
4079 20000
4078 20000
4075 20000
4074 20000
4077 20000
4076 20000
4071 20000
4070 20000
4073 20000
4072 20000
3966 20000
3967 20000
3964 20000
3965 20000
3962 20000
3963 20000
3960 20000
3961 20000
3968 20000
239 20000
275 20000
1101 20000
3638 20000
1607 20000
3636 20000
3637 20000
3634 20000
3635 20000
3632 20000
3633 20000
3630 20000
840 20000
3469 20000
3468 20000
2345 20000
2344 20000
2347 20000
2346 20000
2341 20000
2340 20000
2343 20000
2342 20000
2349 20000
2348 20000
231 20000
2067 20000
3708 20000
3709 20000
1889 20000
1888 20000
3702 20000
3703 20000
3700 20000
3701 20000
3706 20000
1882 20000
3704 20000
3705 20000
2121 20000
2120 20000
2123 20000
2122 20000
1375 20000
2124 20000
948 20000
949 20000
2129 20000
2128 20000
944 20000
1457 20000
942 20000
943 20000
940 20000
941 20000
2659 20000
2658 20000
2653 20000
2652 20000
2651 20000
2650 20000
2657 20000
2656 20000
2655 20000
2654 20000
133 20000
3417 20000
131 20000
130 20000
137 20000
3413 20000
3410 20000
3411 20000
139 20000
138 20000
1606 20000
3418 20000
3419 20000
2019 20000
2018 20000
1930 20000
2015 20000
2014 20000
2017 20000
2016 20000
2011 20000
2010 20000
2013 20000
2012 20000
158 20000
1937 20000
183 20000
3562 20000
3563 20000
3560 20000
3561 20000
3566 20000
3567 20000
3564 20000
3565 20000
3568 20000
3569 20000
2903 20000
2902 20000
2901 20000
2900 20000
708 20000
709 20000
2905 20000
2904 20000
704 20000
705 20000
706 20000
707 20000
700 20000
701 20000
702 20000
703 20000
1935 20000
88 20000
89 20000
1593 20000
82 20000
83 20000
80 20000
81 20000
86 20000
87 20000
84 20000
85 20000
1256 20000
1934 20000
1658 20000
1659 20000
1652 20000
1388 20000
1650 20000
1651 20000
1656 20000
1657 20000
1654 20000
1655 20000
586 20000
1630 20000
584 20000
585 20000
582 20000
583 20000
580 20000
3215 20000
1632 20000
588 20000
589 20000
3153 20000
3152 20000
3151 20000
3150 20000
3157 20000
3156 20000
3155 20000
2838 20000
2837 20000
1982 20000
3159 20000
2834 20000
2833 20000
2832 20000
2831 20000
2830 20000
3391 20000
1437 20000
1434 20000
1435 20000
3395 20000
1433 20000
3397 20000
3396 20000
3399 20000
418 20000
1637 20000
1438 20000
1439 20000
2841 20000
1349 20000
3284 20000
1541 20000
458 20000
459 20000
1340 20000
1341 20000
452 20000
1343 20000
1344 20000
1345 20000
456 20000
1347 20000
1887 20000
1886 20000
1885 20000
766 20000
2157 20000
1884 20000
3263 20000
1883 20000
1266 20000
3707 20000
656 20000
3940 20000
654 20000
1501 20000
652 20000
653 20000
650 20000
1505 20000
3085 20000
3084 20000
1508 20000
1509 20000
3081 20000
3080 20000
3083 20000
659 20000
3943 20000
1599 20000
317 20000
3945 20000
315 20000
2125 20000
314 20000
3885 20000
3884 20000
3887 20000
3886 20000
3881 20000
3880 20000
3883 20000
3882 20000
55 20000
2126 20000
3889 20000
3888 20000
946 20000
947 20000
1210 20000
568 20000
945 20000
2814 20000
1292 20000
1880 20000
4008 20000
4009 20000
57 20000
4000 20000
4001 20000
4002 20000
4003 20000
4004 20000
4005 20000
4006 20000
4007 20000
3971 20000
3970 20000
3973 20000
2539 20000
326 20000
327 20000
3977 20000
325 20000
3979 20000
3978 20000
328 20000
329 20000
3629 20000
3628 20000
56 20000
3621 20000
564 20000
3623 20000
3622 20000
3625 20000
3624 20000
3627 20000
2818 20000
2533 20000
1881 20000
2330 20000
2331 20000
2332 20000
2333 20000
2334 20000
2335 20000
2336 20000
1594 20000
2338 20000
2339 20000
1597 20000
3073 20000
1995 20000
2051 20000
2535 20000
835 20000
3075 20000
3715 20000
3714 20000
3717 20000
3716 20000
3711 20000
3710 20000
3713 20000
3712 20000
1592 20000
3719 20000
3718 20000
2954 20000
2955 20000
2488 20000
2489 20000
2486 20000
2487 20000
2484 20000
2485 20000
2482 20000
2483 20000
2480 20000
2951 20000
3252 20000
2248 20000
3361 20000
2244 20000
2245 20000
2246 20000
2247 20000
2240 20000
2241 20000
2242 20000
2243 20000
995 20000
2465 20000
2466 20000
2467 20000
991 20000
2461 20000
2462 20000
2463 20000
369 20000
2468 20000
998 20000
120 20000
121 20000
122 20000
3402 20000
124 20000
3404 20000
126 20000
127 20000
128 20000
129 20000
3416 20000
3379 20000
132 20000
3378 20000
3414 20000
2068 20000
2069 20000
2798 20000
2799 20000
2874 20000
3376 20000
2792 20000
2793 20000
2062 20000
2791 20000
2064 20000
2065 20000
2066 20000
136 20000
1185 20000
135 20000
3373 20000
134 20000
3372 20000
1180 20000
1181 20000
3579 20000
3578 20000
3575 20000
3574 20000
3577 20000
3576 20000
3571 20000
3570 20000
3573 20000
3572 20000
2666 20000
2667 20000
2664 20000
1807 20000
2662 20000
2663 20000
2660 20000
2661 20000
722 20000
2668 20000
2669 20000
2938 20000
2939 20000
2936 20000
2937 20000
2934 20000
2935 20000
2932 20000
2933 20000
2930 20000
2931 20000
1559 20000
1836 20000
1837 20000
1645 20000
1644 20000
1647 20000
1646 20000
1641 20000
1640 20000
1643 20000
1642 20000
1649 20000
1648 20000
383 20000
1742 20000
1743 20000
3797 20000
579 20000
578 20000
573 20000
572 20000
571 20000
570 20000
577 20000
576 20000
575 20000
574 20000
2808 20000
2809 20000
3168 20000
3169 20000
2802 20000
2803 20000
2800 20000
2801 20000
3162 20000
2807 20000
3160 20000
2805 20000
1421 20000
1420 20000
1423 20000
1422 20000
3368 20000
1394 20000
1427 20000
1426 20000
3364 20000
3365 20000
3366 20000
602 20000
3360 20000
939 20000
3362 20000
3363 20000
731 20000
730 20000
733 20000
732 20000
735 20000
734 20000
737 20000
736 20000
739 20000
2402 20000
2151 20000
1359 20000
1358 20000
469 20000
2400 20000
1353 20000
609 20000
467 20000
1350 20000
1357 20000
1356 20000
463 20000
1354 20000
1273 20000
2158 20000
2159 20000
1519 20000
935 20000
1515 20000
1514 20000
1517 20000
1516 20000
1511 20000
1510 20000
1513 20000
1512 20000
959 20000
3439 20000
1275 20000
1798 20000
280 20000
3184 20000
3185 20000
3186 20000
3187 20000
3180 20000
3181 20000
3182 20000
3183 20000
1996 20000
3188 20000
3189 20000
3214 20000
3108 20000
4019 20000
4018 20000
2112 20000
48 20000
4013 20000
4012 20000
4011 20000
4010 20000
4017 20000
4016 20000
4015 20000
4014 20000
357 20000
356 20000
355 20000
354 20000
353 20000
3989 20000
351 20000
350 20000
3984 20000
3985 20000
3986 20000
3987 20000
3980 20000
3981 20000
359 20000
358 20000
1952 20000
3612 20000
43 20000
3613 20000
1033 20000
2323 20000
1111 20000
2321 20000
2320 20000
2327 20000
2326 20000
2325 20000
1446 20000
2329 20000
2328 20000
1113 20000
484 20000
289 20000
288 20000
1299 20000
2292 20000
281 20000
1443 20000
283 20000
282 20000
285 20000
284 20000
287 20000
1114 20000
3760 20000
3761 20000
3762 20000
3763 20000
3764 20000
3765 20000
3766 20000
3767 20000
3768 20000
3769 20000
1116 20000
263 20000
262 20000
261 20000
260 20000
267 20000
266 20000
265 20000
264 20000
269 20000
268 20000
1562 20000
2499 20000
2498 20000
1291 20000
1215 20000
2491 20000
1296 20000
2493 20000
2492 20000
2495 20000
2494 20000
2497 20000
2496 20000
259 20000
1294 20000
2259 20000
2258 20000
2257 20000
2256 20000
2255 20000
2254 20000
2253 20000
2252 20000
2251 20000
2250 20000
2477 20000
2476 20000
2475 20000
2474 20000
2473 20000
2472 20000
2471 20000
2470 20000
982 20000
983 20000
980 20000
981 20000
986 20000
987 20000
2479 20000
985 20000
115 20000
114 20000
1790 20000
116 20000
111 20000
110 20000
113 20000
112 20000
119 20000
118 20000
3432 20000
2785 20000
2784 20000
2787 20000
2786 20000
2781 20000
2780 20000
2783 20000
2782 20000
2789 20000
2788 20000
1797 20000
2079 20000
2078 20000
2073 20000
2072 20000
2071 20000
2070 20000
2077 20000
2076 20000
2075 20000
2074 20000
1389 20000
3508 20000
3509 20000
3500 20000
3501 20000
3502 20000
3503 20000
3504 20000
3505 20000
3506 20000
3507 20000
2671 20000
2670 20000
2673 20000
2672 20000
2675 20000
2674 20000
2677 20000
2676 20000
2679 20000
2678 20000
3220 20000
52 20000
2929 20000
2928 20000
2921 20000
2920 20000
2923 20000
2922 20000
2925 20000
2924 20000
2927 20000
2926 20000
3394 20000
1208 20000
2907 20000
2906 20000
1986 20000
1987 20000
1984 20000
3217 20000
3210 20000
1983 20000
1980 20000
3213 20000
1638 20000
1639 20000
3218 20000
3219 20000
1988 20000
1989 20000
1781 20000
587 20000
480 20000
3862 20000
2909 20000
2815 20000
569 20000
2817 20000
2816 20000
2811 20000
2810 20000
2813 20000
2812 20000
560 20000
561 20000
562 20000
563 20000
2819 20000
565 20000
566 20000
567 20000
3179 20000
3178 20000
3171 20000
3170 20000
3173 20000
3172 20000
3175 20000
3174 20000
3177 20000
3176 20000
1188 20000
1189 20000
1186 20000
1187 20000
3375 20000
3374 20000
1182 20000
1183 20000
3371 20000
3370 20000
726 20000
727 20000
724 20000
725 20000
1748 20000
1749 20000
720 20000
721 20000
1744 20000
1745 20000
1746 20000
1747 20000
1740 20000
1741 20000
728 20000
729 20000
1164 20000
1165 20000
1166 20000
1167 20000
1160 20000
1161 20000
1162 20000
1163 20000
1623 20000
1484 20000
1168 20000
1169 20000
2137 20000
1489 20000
1366 20000
1488 20000
1864 20000
473 20000
46 20000
47 20000
44 20000
45 20000
42 20000
3195 20000
40 20000
41 20000
1568 20000
1569 20000
1298 20000
1365 20000
1560 20000
3193 20000
1290 20000
1563 20000
1564 20000
1565 20000
1566 20000
1295 20000
797 20000
3191 20000
796 20000
3190 20000
795 20000
2425 20000
1710 20000
793 20000
792 20000
479 20000
791 20000
590 20000
1714 20000
3197 20000
3196 20000
470 20000
3194 20000
476 20000
477 20000
474 20000
1361 20000
1865 20000
478 20000
3198 20000
2916 20000
1368 20000
1369 20000